y_valid = zeros([1000 1]) ;

y_valid(1:200) = 1 ; 
y_valid(201:400) = 2 ; 
y_valid(401:600) = 3 ; 
y_valid(601:800) = 4 ; 
y_valid(801:1000) = 5 ; 